3
15
322
222
410
17
213
144
19
504
449
325
164
383
62
171
70
187
382
201
278
371
157
308
114
67
10
356
444
370
409
467
464
203
131
197
426
242
414
87
355
34
470
341
319
282
163
16
420
117
412
141
63
343
295
159
41
468
89
240
480
210
340
486
238
82
28
0
417
376
190
271
402
292
451
246
896
149
237
257
357
922
177
13
338
588
270
473
139
398
762
225
194
279
481
443
472
429
331
493
419
423
142
461
614
435
71
469
350
542
755
497
298
437
108
492
121
336
280
281
310
137
620
988
877
211
1
364
102
99
169
541
263
926
564
6
81
532
254
123
704
165
485
593
739
91
560
615
450
283
387
100
116
59
304
261
511
476
744
396
45
317
1011
736
55
143
424
598
433
544
400
408
669
43
932
321
330
521
587
474
979
326
51
792
31
730
297
284
788
714
800
133
181
299
258
316
512
865
904
965
495
253
453
392
385
582
78
46
8
849
413
191
501
693
403
48
516
502
775
808
93
820
92
366
415
751
234
47
245
12
113
466
252
406
236
631
25
69
912
457
552
978
589
342
29
952
249
393
454
151
862
205
795
447
623
515
577
999
401
358
166
11
540
764
218
180
506
514
1023
88
161
286
318
272
386
1002
765
487
780
430
1021
660
687
359
989
348
681
173
337
