06205P
06700P
06766P
06750P
06871P
074171
075741
073912
074576
074577
073913
073914
074578
073915
074172
074173
074174
074175
076522
076523
076524
069093
069094
069095
069096
069097
069098
061913
061914
061915
05839P
069099
069100
069438
069592
071049
07248P
076525
076368
075903
074797
074872
074579
076944
076198
077498
078428
069101
04849P
065160
074580
073916
074176
074581
074218
074064
074873
074798
076369
076526
076527
076409
076410
076199
078336
076263
07658P
07659P
06289P
069404
069405
06926P
07249P
071257
071258
071259
071260
071261
071262
071263
070725
073917
073918
074582
076411
076528
076137
074957
075352
075578
078429
076200
07277P
069593
063569
06767P
077042
077490
077491
075747
075748
074222
07374P
07375P
07376P
07377P
073846
073847
06751P
06814P
068946
068947
068948
068949
06477P
06478P
06479P
06480P
03352B
05759P
05760P
05761P
05762P
05763P
06143P
06144P
06145P
06146P
06147P
072418
072419
072420
070650
070651
070652
070653
07028P
07029P
07030P
07031P
071942
078125
074685
074874
072738
072739
075579
074875
073620
070829
070815
069261
072672
073919
074583
074584
076412
070830
071131
071132
071133
077499
078234
078235
073452
073453
069180
069181
06666P
06193P
069860
069406
07009P
072406
071570
073621
073844
074686
074958
072984
076945
076946
070772
074687
074688
074585
074377
075109
076947
069407
05868P
077973
074484
074485
075833
078274
06095P
070554
072479
077974
073513
70643P
733304
733305
733898
734797
735264
735285
736408
735207
076601
076707
075904
072112
074876
077157
077677
733509
733674
735208
735617
735916
735917
077158
076708
070122
069861
071377
072043
076709
071378
069523
077159
077160
078600
075263
073920
074486
077481
068934
072328
074689
076948
076949
071379
733777
733270
735426
734882
733933
734308
734366
074586
070280
06033P
076370
071134
071380
071868
074877
074959
077678
077679
077861
077680
077681
077682
076602
076603
073921
073922
073923
074587
074690
076710
076711
076712
078337
078236
07266P
07267P
070476
06067P
071943
071944
076713
070399
070726
072985
077482
077483
077484
074691
074692
07373P
733630
735653
070220
069862
078338
074693
075742
075743
069182
069183
05821P
06339P
07026P
071767
071768
072673
07500P
075580
073514
078059
078706
076714
073727
074487
070060
068685
068935
068936
068937
068938
068939
06447P
06448P
06449P
06450P
05756P
05757P
05758P
05956P
05957P
069907
069908
07001P
07002P
07003P
072329
072330
072331
072332
072333
073970
073971
075581
075582
075583
075584
07485P
07486P
077975
077976
077977
077978
070221
06970P
072740
072741
072893
07136P
06539P
06667P
069184
077585
077586
076715
076716
076717
076718
078707
078708
078709
078710
078601
076138
07616P
07617P
074065
069633
06852P
06853P
06562P
06137P
06138P
06139P
06140P
06141P
072894
072895
070638
070639
070640
070641
070642
07084P
074488
074489
07463P
07464P
07465P
078602
078603
076604
077862
077863
077864
077784
076719
076720
077336
077337
077338
075585
075586
074378
070910
070968
070400
069739
069740
070222
070223
07268P
07269P
065208
065209
06243P
06234P
069863
069864
069865
069439
069440
069441
069594
074878
074177
073728
073924
078275
065069
065165
06356P
06900P
069102
071869
069741
078060
077979
077339
077340
074379
07448P
074490
074879
076413
074880
074881
075587
069866
069408
069103
06235P
06581P
06022P
05848P
070831
072896
07618P
073516
076721
076722
078604
078605
075588
05951P
075905
075906
072897
069867
069303
074380
074588
07400P
076950
077485
075744
076371
076414
069185
069186
069187
05822P
06357P
072480
072481
071870
071871
071381
071382
072256
072257
073290
06439P
06451P
06901P
074799
074694
074695
074381
075446
075834
06902P
069304
06358P
06637P
065377
065378
071872
071873
06668P
073454
073455
073456
078237
078238
075907
069104
05980P
070061
073457
073458
073622
073623
078239
078240
073459
070062
05981P
06669P
069105
07085P
071050
071135
073624
074491
075835
078276
077865
076723
075836
07422P
072407
072408
069188
069189
069190
05823P
05824P
073460
073461
076372
076724
076725
07552P
075447
075448
074800
073925
06034P
05958P
071051
070727
070555
069909
069742
070401
070402
070347
070348
07086P
07087P
069409
069410
069017
066799
075837
075838
075839
077500
078791
078126
074696
074697
072482
071383
072113
072044
07304P
07305P
07306P
07307P
06701P
067024
06702P
06703P
06704P
069868
069869
065452
073625
073626
073627
077043
077044
077045
077046
078606
078430
075110
075111
075112
065865
06440P
069191
072258
07158P
069106
05899P
05849P
073926
078607
078711
076264
076265
075113
05850P
069870
070969
071052
071571
072627
071572
072045
072114
07308P
07309P
07310P
070123
05162P
05187P
066141
06670P
06671P
06672P
066421
073462
073463
073464
073465
073466
077047
077048
077049
077050
077051
072115
072483
071136
06500P
069871
078792
075353
075449
074801
07466P
07487P
076373
076374
07401P
074589
074382
078608
078609
078339
078340
07619P
077587
077588
069634
069192
06903P
06359P
06194P
066144
05900P
071137
071138
069743
07146P
073291
072334
066489
066661
065040
068940
068941
074492
076139
076140
074383
067165
073467
074384
076951
072409
071685
071686
071874
070403
06325P
06206P
06360P
074385
074960
078501
071384
071385
071573
070816
04904P
078502
075589
05851P
06361P
069107
069305
070404
071875
071876
070405
069306
06362P
05852P
075590
076375
069635
071945
069411
065453
076376
078503
069636
071946
071947
065454
065469
065470
069262
069263
06904P
071948
07004P
076377
074882
074493
076378
071949
071950
069412
076379
075264
077161
069264
05840P
069413
069414
069108
071687
075591
075592
078793
070970
070728
070729
070730
070731
070477
070478
070479
070643
070644
071951
072116
072117
072118
072119
073292
06886P
06887P
06854P
06855P
04026P
04027P
04028P
04029P
04030P
04031P
06142P
06180P
062187
062188
062189
062190
062191
062192
062193
062194
06382P
06403P
06404P
075114
075115
074494
074495
074496
074698
074699
074700
071386
071387
070556
06001P
069415
069637
075647
076141
076415
07501P
073329
077341
077486
06631P
06002P
06096P
071053
070124
070125
070126
070127
073293
069442
069443
075593
076605
076606
076607
076608
069872
069873
06290P
06474P
07250P
071388
070645
071264
077980
076952
069193
06475P
069989
072410
072411
072412
078127
077487
078610
077866
078277
076040
073517
073518
070063
05982P
06681P
069990
069991
073628
074386
076529
70542P
70543P
733306
733307
733308
736669
736783
735029
735030
735031
735032
735071
735072
734369
734395
734464
734465
734017
733842
735675
735676
735677
733309
732540
733797
733798
70592P
70624P
70704P
70762P
70818P
70904P
735726
734059
734060
078431
078432
075745
073927
070064
071139
05983P
06291P
70830P
70693P
734013
734365
734558
734833
735724
735918
736782
736738
077162
077163
074590
075594
06023P
070224
07319P
70636P
733741
732052
732053
736816
736026
733839
734062
735616
733179
70606P
733838
734499
735452
735267
734506
735924
736739
734306
733738
732880
733368
70470P
734016
734132
733398
733238
733180
732207
733400
733423
733530
70612P
70916P
731587
734227
734245
735325
736494
736234
735655
735891
074497
073050
070225
07088P
072628
070732
071140
070971
070646
06181P
076266
078241
076726
076727
075595
05901P
065170
067305
071141
731865
731866
078611
077785
077981
077488
075596
075450
076142
076416
074498
074591
071142
071143
071054
07027P
070406
07010P
069265
069266
069267
065171
065456
06210P
05869P
05853P
06768P
069910
071144
073928
073629
078242
076609
731864
076728
077683
07423P
075840
070773
070774
068942
069444
069445
731787
070226
075265
075116
075117
732653
734932
735157
734304
734305
076417
076418
076419
076420
071145
071146
072986
072987
072988
066283
069194
069195
073929
073930
078128
078129
076729
070227
734497
735019
734537
735721
735673
733234
70807P
70521P
733508
736327
734592
734307
735023
076730
074701
075648
070775
071688
735319
735320
075746
075597
075598
075908
076731
078612
070733
070734
065471
065472
06182P
06951P
068943
074702
074703
073468
734796
734063
735674
069416
06024P
075909
072674
072675
070059
073515
70713P
736022
736023
734539
734540
734498
735020
736407
736736
733631
078794
073931
074499
070407
069268
069307
070647
070832
072413
075649
076530
076531
735492
733840
075162
076732
070776
1705CK
1707PK
1708CK
70649P
733973
733974
734000
736027
736028
736029
736817
731563
076041
076042
073519
073520
07233P
071689
071690
071389
733653
735315
071574
072414
068998
069446
071877
071878
072335
072046
071769
076733
077342
077684
076532
074883
073521
070065
05984P
067908
065652
074219
074220
074221
074387
074884
733529
731987
732051
70579P
735021
735022
736668
736781
735540
078243
078244
078245
06452P
06453P
072336
072337
072338
072629
074704
731788
731810
733310
733311
736690
735266
733834
733835
733836
073729
070972
733677
733531
735265
075966
070973
069447
073294
073932
078130
076734
075599
069269
735725
736815
735159
733399
077982
073522
072339
734434
735618
736020
736021
736689
733397
733837
735262
735158
074705
072630
733778
733271
735028
735493
735318
734933
735514
735672
735654
7153CK
070648
70692P
70776P
732595
732536
735539
735718
735719
735720
736258
736324
736730
736564
736594
736541
735263
734364
075650
733841
735323
735324
735027
076143
073330
069308
735889
735890
069109
069110
075600
076533
070281
071147
071770
733675
735620
734662
734001
734938
735892
736030
733678
077501
077164
076534
076144
072415
072416
072417
068999
069000
06476P
05786P
05787P
735806
734061
734661
733972
736325
736780
733528
733178
733507
70777P
736326
735722
735425
735615
734538
735018
735321
735362
734671
733482
074706
071390
071391
069417
074707
074500
073630
733739
733740
734433
071148
071149
735619
071055
070349
076953
075601
069638
068944
733558
733559
078433
078504
074885
074886
05985P
070066
070067
731746
736389
736623
734012
734881
071392
071393
736168
075910
734557
734934
735322
735024
734541
074501
074708
076735
05841P
065172
069270
069271
069196
734591
735424
734766
06395P
072047
071150
071151
077489
075841
075842
075843
074887
074888
074889
069197
069272
06682P
06770P
069001
06003P
071152
070974
070911
070557
07251P
07252P
07253P
073232
073845
076610
076611
076612
076613
076614
70537P
70541P
733599
733235
733236
733237
734935
734936
734500
734501
734502
734503
734504
734505
735920
735921
735922
735923
733366
733367
70557P
70831P
70832P
70833P
70708P
70709P
70710P
70711P
734064
734065
734014
734937
735771
733617
071394
071395
071575
071153
077867
075967
070912
070833
070649
733560
736233
736542
736259
735326
734015
734463
734663
733676
733269
733233
70686P
70527P
734330
734331
736231
736232
735613
735614
734462
735025
735026
076736
076737
070735
075911
075912
073972
068945
736010
736011
736012
071154
071155
70694P
70695P
733600
735919
735209
735284
734367
734368
070777
733883
735453
734697
734459
734460
734461
735805
734394
733796
072340
733776
733897
735723
736024
736025
736737
736018
736019
733864
733882
735491
735513
735316
735317
733506
70641P
735116
735117
735361
735888
069198
070480
