0050  	06205P	
0050  	06700P	
0050  	06766P	
0050  	06750P	
0050  	06871P	
0050  	074171	
0050  	075741	
0061  	073912	
0061  	074576	
006205	074577	
006205	073913	
006206	073914	
006206	074578	
006207	073915	
00632R	074172	
00632R	074173	
00632R	074174	
00632R	074175	
00632R	076522	
00632R	076523	
00632R	076524	
00632R	069093	
00632R	069094	
00632R	069095	
00632R	069096	
00632R	069097	
00632R	069098	
00632R	061913	
00632R	061914	
00632R	061915	
00633L	05839P	
00633L	069099	
00633L	069100	
00633L	069438	
00633L	069592	
00633L	071049	
00633L	07248P	
00633L	076525	
00633L	076368	
00633L	075903	
00633L	074797	
00633L	074872	
00633L	074579	
00633L	076944	
00633L	076198	
00633L	077498	
00633L	078428	
00634R	069101	
00634R	04849P	
00634R	065160	
00636 	074580	
00636 	073916	
00637L	074176	
00637L	074581	
00637L	074218	
00637L	074064	
00637L	074873	
00637L	074798	
00637L	076369	
00637L	076526	
00637L	076527	
00637L	076409	
00637L	076410	
00637L	076199	
00637L	078336	
00637L	076263	
00637L	07658P	
00637L	07659P	
00637L	06289P	
00637L	069404	
00637L	069405	
00637L	06926P	
00637L	07249P	
00637L	071257	
00637L	071258	
00637L	071259	
00637L	071260	
00637L	071261	
00637L	071262	
00637L	071263	
00637L	070725	
00639 	073917	
00643 	073918	
00643 	074582	
00655L	076411	
00655L	076528	
00655L	076137	
00655L	074957	
00655L	075352	
00655L	075578	
00655L	078429	
00655L	076200	
00655L	07277P	
00655L	069593	
00659R	063569	
00672L	06767P	
00673R	077042	
1000  	077490	
1000  	077491	
1000  	075747	
1000  	075748	
1000  	074222	
1000  	07374P	
1000  	07375P	
1000  	07376P	
1000  	07377P	
1000  	073846	
1000  	073847	
1000  	06751P	
1000  	06814P	
1000  	068946	
1000  	068947	
1000  	068948	
1000  	068949	
1000  	06477P	
1000  	06478P	
1000  	06479P	
1000  	06480P	
1000  	03352B	
1000  	05759P	
1000  	05760P	
1000  	05761P	
1000  	05762P	
1000  	05763P	
1000  	06143P	
1000  	06144P	
1000  	06145P	
1000  	06146P	
1000  	06147P	
1000  	072418	
1000  	072419	
1000  	072420	
1000  	070650	
1000  	070651	
1000  	070652	
1000  	070653	
1000  	07028P	
1000  	07029P	
1000  	07030P	
1000  	07031P	
1101  	071942	
1101  	078125	
1215  	074685	
1215  	074874	
1215  	072738	
1216  	072739	
1216  	075579	
1262  	074875	
1262  	073620	
1262  	070829	
1262  	070815	
1262  	069261	
1301  	072672	
1301  	073919	
1303  	074583	
1303  	074584	
1305  	076412	
1305  	070830	
1305  	071131	
1310  	071132	
1310  	071133	
1310  	077499	
1312  	078234	
1312  	078235	
1312  	073452	
1312  	073453	
1312  	069180	
1312  	069181	
1312  	06666P	
1314  	06193P	
1314  	069860	
1314  	069406	
1314  	07009P	
1314  	072406	
1314  	071570	
1314  	073621	
1314  	073844	
1314  	074686	
1314  	074958	
1319  	072984	
1326  	076945	
1326  	076946	
1338  	070772	
1444  	074687	
1444  	074688	
1476  	074585	
1476  	074377	
1476  	075109	
1476  	076947	
1476  	069407	
1476  	05868P	
1477  	077973	
1515  	074484	
1515  	074485	
1536  	075833	
1536  	078274	
1536  	06095P	
1536  	070554	
1536  	072479	
1560  	077974	
1560  	073513	
1565  	70643P	
1565  	733304	
1565  	733305	
1565  	733898	
1565  	734797	
1565  	735264	
1565  	735285	
1565  	736408	
1586  	735207	
1589  	076601	
1589  	076707	
1589  	075904	
1589  	072112	
1590  	074876	
1590  	077157	
1590  	077677	
1597  	733509	
1597  	733674	
1597  	735208	
1597  	735617	
1597  	735916	
1597  	735917	
1605  	077158	
1605  	076708	
1605  	070122	
1605  	069861	
1608  	071377	
1609  	072043	
1609  	076709	
1704  	071378	
1707  	069523	
1707  	077159	
1707  	077160	
1707  	078600	
1707  	075263	
1707  	073920	
1710  	074486	
1710  	077481	
1710  	068934	
1718  	072328	
1718  	074689	
1723  	076948	
1723  	076949	
1802  	071379	
1815  	733777	
1815  	733270	
1815  	735426	
1815  	734882	
1815  	733933	
1815  	734308	
1815  	734366	
1909  	074586	
1909  	070280	
1909  	06033P	
2002  	076370	
2023  	071134	
2027  	071380	
2027  	071868	
2027  	074877	
2027  	074959	
2027  	077678	
2027  	077679	
2027  	077861	
2031  	077680	
2031  	077681	
2031  	077682	
2031  	076602	
2031  	076603	
2031  	073921	
2031  	073922	
2049  	073923	
2049  	074587	
2049  	074690	
2049  	076710	
2049  	076711	
2049  	076712	
2049  	078337	
2049  	078236	
2049  	07266P	
2049  	07267P	
2049  	070476	
2049  	06067P	
2104  	071943	
2104  	071944	
2104  	076713	
2228  	070399	
2231  	070726	
2231  	072985	
2231  	077482	
2231  	077483	
2231  	077484	
2231  	074691	
2231  	074692	
2231  	07373P	
2233  	733630	
2233  	735653	
2239  	070220	
2301  	069862	
2301  	078338	
2301  	074693	
2303  	075742	
2303  	075743	
2303  	069182	
2303  	069183	
2303  	05821P	
2303  	06339P	
2303  	07026P	
2303  	071767	
2303  	071768	
2308  	072673	
2308  	07500P	
2308  	075580	
2308  	073514	
2308  	078059	
2308  	078706	
2313  	076714	
2313  	073727	
2313  	074487	
2313  	070060	
2313  	068685	
2317  	068935	
2317  	068936	
2317  	068937	
2317  	068938	
2317  	068939	
2317  	06447P	
2317  	06448P	
2317  	06449P	
2317  	06450P	
2317  	05756P	
2317  	05757P	
2317  	05758P	
2317  	05956P	
2317  	05957P	
2317  	069907	
2317  	069908	
2317  	07001P	
2317  	07002P	
2317  	07003P	
2317  	072329	
2317  	072330	
2317  	072331	
2317  	072332	
2317  	072333	
2317  	073970	
2317  	073971	
2317  	075581	
2317  	075582	
2317  	075583	
2317  	075584	
2317  	07485P	
2317  	07486P	
2317  	077975	
2317  	077976	
2317  	077977	
2317  	077978	
2324  	070221	
2327  	06970P	
2327  	072740	
2327  	072741	
2327  	072893	
2327  	07136P	
2327  	06539P	
2327  	06667P	
2327  	069184	
2327  	077585	
2327  	077586	
2327  	076715	
2327  	076716	
2327  	076717	
2327  	076718	
2327  	078707	
2327  	078708	
2327  	078709	
2327  	078710	
2327  	078601	
2327  	076138	
2327  	07616P	
2327  	07617P	
2327  	074065	
2328  	069633	
2330  	06852P	
2330  	06853P	
2330  	06562P	
2330  	06137P	
2330  	06138P	
2330  	06139P	
2330  	06140P	
2330  	06141P	
2330  	072894	
2330  	072895	
2330  	070638	
2330  	070639	
2330  	070640	
2330  	070641	
2330  	070642	
2330  	07084P	
2330  	074488	
2330  	074489	
2330  	07463P	
2330  	07464P	
2330  	07465P	
2330  	078602	
2330  	078603	
2330  	076604	
2330  	077862	
2330  	077863	
2330  	077864	
2330  	077784	
2337  	076719	
2337  	076720	
2337  	077336	
2337  	077337	
2337  	077338	
2337  	075585	
2337  	075586	
2337  	074378	
2337  	070910	
2337  	070968	
2337  	070400	
2337  	069739	
2337  	069740	
2337  	070222	
2337  	070223	
2337  	07268P	
2337  	07269P	
2337  	065208	
2337  	065209	
2337  	06243P	
2337  	06234P	
2337  	069863	
2337  	069864	
2337  	069865	
2337  	069439	
2337  	069440	
2337  	069441	
2340  	069594	
2340  	074878	
2344  	074177	
2344  	073728	
2344  	073924	
2344  	078275	
2344  	065069	
2344  	065165	
2345  	06356P	
2345  	06900P	
2345  	069102	
2345  	071869	
2345  	069741	
2345  	078060	
2345  	077979	
2345  	077339	
2345  	077340	
2345  	074379	
2345  	07448P	
2345  	074490	
2345  	074879	
2345  	076413	
2351  	074880	
2351  	074881	
2352  	075587	
2352  	069866	
2353  	069408	
2353  	069103	
2353  	06235P	
2353  	06581P	
2353  	06022P	
2353  	05848P	
2353  	070831	
2353  	072896	
2353  	07618P	
2353  	073516	
2353  	076721	
2353  	076722	
2353  	078604	
2353  	078605	
2354  	075588	
2354  	05951P	
2355  	075905	
2356  	075906	
2356  	072897	
2360  	069867	
2360  	069303	
2360  	074380	
2360  	074588	
2367  	07400P	
2367  	076950	
2367  	077485	
2371  	075744	
2371  	076371	
2371  	076414	
2371  	069185	
2371  	069186	
2371  	069187	
2371  	05822P	
2371  	06357P	
2371  	072480	
2371  	072481	
2371  	071870	
2371  	071871	
2376  	071381	
2376  	071382	
2376  	072256	
2376  	072257	
2376  	073290	
2376  	06439P	
2376  	06451P	
2376  	06901P	
2376  	074799	
2376  	074694	
2377  	074695	
2377  	074381	
2377  	075446	
2377  	075834	
2377  	06902P	
2377  	069304	
2377  	06358P	
2377  	06637P	
2377  	065377	
2377  	065378	
2377  	071872	
2377  	071873	
2379  	06668P	
2379  	073454	
2379  	073455	
2379  	073456	
2379  	078237	
2379  	078238	
2382  	075907	
2382  	069104	
2383  	05980P	
2383  	070061	
2383  	073457	
2383  	073458	
2383  	073622	
2383  	073623	
2383  	078239	
2383  	078240	
2401  	073459	
2401  	070062	
2401  	05981P	
2401  	06669P	
2408  	069105	
2408  	07085P	
2408  	071050	
2408  	071135	
2408  	073624	
2408  	074491	
2408  	075835	
2408  	078276	
2408  	077865	
2409  	076723	
2409  	075836	
2409  	07422P	
2409  	072407	
2409  	072408	
2409  	069188	
2409  	069189	
2409  	069190	
2409  	05823P	
2409  	05824P	
2421  	073460	
2421  	073461	
2428  	076372	
2428  	076724	
2428  	076725	
2439  	07552P	
2439  	075447	
2439  	075448	
2439  	074800	
2439  	073925	
2439  	06034P	
2439  	05958P	
2439  	071051	
2439  	070727	
2439  	070555	
2439  	069909	
2448  	069742	
2448  	070401	
2448  	070402	
2448  	070347	
2448  	070348	
2448  	07086P	
2448  	07087P	
2448  	069409	
2448  	069410	
2448  	069017	
2448  	066799	
2448  	075837	
2448  	075838	
2448  	075839	
2448  	077500	
2448  	078791	
2449  	078126	
2449  	074696	
2449  	074697	
2449  	072482	
2451  	071383	
2454  	072113	
2454  	072044	
2454  	07304P	
2454  	07305P	
2454  	07306P	
2454  	07307P	
2454  	06701P	
2454  	067024	
2454  	06702P	
2454  	06703P	
2454  	06704P	
2454  	069868	
2454  	069869	
2454  	065452	
2454  	073625	
2454  	073626	
2454  	073627	
2454  	077043	
2454  	077044	
2454  	077045	
2454  	077046	
2455  	078606	
2455  	078430	
2455  	075110	
2455  	075111	
2455  	075112	
2455  	065865	
2455  	06440P	
2455  	069191	
2455  	072258	
2456  	07158P	
2456  	069106	
2456  	05899P	
2456  	05849P	
2456  	073926	
2456  	078607	
2456  	078711	
2456  	076264	
2456  	076265	
2458  	075113	
2458  	05850P	
2458  	069870	
2458  	070969	
2464  	071052	
2464  	071571	
2464  	072627	
2472  	071572	
2474  	072045	
2474  	072114	
2474  	07308P	
2474  	07309P	
2474  	07310P	
2474  	070123	
2474  	05162P	
2474  	05187P	
2474  	066141	
2474  	06670P	
2474  	06671P	
2474  	06672P	
2474  	066421	
2474  	073462	
2474  	073463	
2474  	073464	
2474  	073465	
2474  	073466	
2474  	077047	
2474  	077048	
2474  	077049	
2474  	077050	
2474  	077051	
2478  	072115	
2481  	072483	
2481  	071136	
2481  	06500P	
2481  	069871	
2481  	078792	
2481  	075353	
2492  	075449	
2492  	074801	
2492  	07466P	
2492  	07487P	
2492  	076373	
2492  	076374	
2492  	07401P	
2492  	074589	
2492  	074382	
2492  	078608	
2492  	078609	
2492  	078339	
2492  	078340	
2492  	07619P	
2492  	077587	
2492  	077588	
2492  	069634	
2492  	069192	
2492  	06903P	
2492  	06359P	
2492  	06194P	
2492  	066144	
2492  	05900P	
2492  	071137	
2492  	071138	
2492  	069743	
2492  	07146P	
2492  	073291	
2492  	072334	
2498  	066489	
2498  	066661	
2498  	065040	
2498  	068940	
2498  	068941	
2498  	074492	
2498  	076139	
2498  	076140	
2515  	074383	
2515  	067165	
2520  	073467	
2534  	074384	
2534  	076951	
2534  	072409	
2603  	071685	
2603  	071686	
2603  	071874	
2603  	070403	
2603  	06325P	
2603  	06206P	
2603  	06360P	
2603  	074385	
2603  	074960	
2610  	078501	
2610  	071384	
2610  	071385	
2618  	071573	
2618  	070816	
2618  	04904P	
2618  	078502	
2881  	075589	
2881  	05851P	
2881  	06361P	
2881  	069107	
2881  	069305	
2881  	070404	
2881  	071875	
2882  	071876	
2882  	070405	
2882  	069306	
2882  	06362P	
2882  	05852P	
2882  	075590	
2884  	076375	
2884  	069635	
2884  	071945	
2885  	069411	
2885  	065453	
2885  	076376	
2885  	078503	
2886  	069636	
2886  	071946	
2887  	071947	
2887  	065454	
2888  	065469	
2888  	065470	
2888  	069262	
2888  	069263	
2888  	06904P	
2888  	071948	
2888  	07004P	
2888  	076377	
2888  	074882	
2888  	074493	
2890  	076378	
2890  	071949	
2891  	071950	
2891  	069412	
2891  	076379	
2915  	075264	
2915  	077161	
2915  	069264	
2915  	05840P	
2929  	069413	
2929  	069414	
3005  	069108	
3005  	071687	
3005  	075591	
3006  	075592	
3006  	078793	
3006  	070970	
3008  	070728	
3008  	070729	
3008  	070730	
3008  	070731	
3008  	070477	
3008  	070478	
3008  	070479	
3008  	070643	
3008  	070644	
3008  	071951	
3008  	072116	
3008  	072117	
3008  	072118	
3008  	072119	
3008  	073292	
3008  	06886P	
3008  	06887P	
3008  	06854P	
3008  	06855P	
3008  	04026P	
3008  	04027P	
3008  	04028P	
3008  	04029P	
3008  	04030P	
3008  	04031P	
3008  	06142P	
3008  	06180P	
3008  	062187	
3008  	062188	
3008  	062189	
3008  	062190	
3008  	062191	
3008  	062192	
3008  	062193	
3008  	062194	
3008  	06382P	
3008  	06403P	
3008  	06404P	
3008  	075114	
3008  	075115	
3008  	074494	
3008  	074495	
3008  	074496	
3008  	074698	
3008  	074699	
3008  	074700	
3016  	071386	
3016  	071387	
3017  	070556	
3017  	06001P	
3017  	069415	
3017  	069637	
3017  	075647	
3019  	076141	
3019  	076415	
3019  	07501P	
3019  	073329	
3019  	077341	
3019  	077486	
3019  	06631P	
3019  	06002P	
3019  	06096P	
3019  	071053	
3019  	070124	
3019  	070125	
3019  	070126	
3019  	070127	
3019  	073293	
3023  	069442	
3023  	069443	
3023  	075593	
3026  	076605	
3026  	076606	
3026  	076607	
3026  	076608	
3026  	069872	
3026  	069873	
3026  	06290P	
3026  	06474P	
3026  	07250P	
3026  	071388	
3026  	070645	
3026  	071264	
3030  	077980	
3034  	076952	
3034  	069193	
3035  	06475P	
3035  	069989	
3035  	072410	
3035  	072411	
3035  	072412	
3035  	078127	
3035  	077487	
3035  	078610	
3037  	077866	
3037  	078277	
3037  	076040	
3037  	073517	
3037  	073518	
3037  	070063	
3037  	05982P	
3037  	06681P	
3059  	069990	
3059  	069991	
3059  	073628	
3059  	074386	
3059  	076529	
3081  	70542P	
3081  	70543P	
3081  	733306	
3081  	733307	
3081  	733308	
3081  	736669	
3081  	736783	
3081  	735029	
3081  	735030	
3081  	735031	
3105  	735032	
3105  	735071	
3105  	735072	
3105  	734369	
3105  	734395	
3105  	734464	
3105  	734465	
3105  	734017	
3105  	733842	
3105  	735675	
3105  	735676	
3105  	735677	
3105  	733309	
3105  	732540	
3105  	733797	
3105  	733798	
3105  	70592P	
3105  	70624P	
3105  	70704P	
3105  	70762P	
3105  	70818P	
3105  	70904P	
3152  	735726	
3163  	734059	
3163  	734060	
3189  	078431	
3189  	078432	
3189  	075745	
3189  	073927	
3189  	070064	
3189  	071139	
3189  	05983P	
3189  	06291P	
3227  	70830P	
3227  	70693P	
3227  	734013	
3227  	734365	
3227  	734558	
3227  	734833	
3227  	735724	
3227  	735918	
3227  	736782	
3227  	736738	
3231  	077162	
3231  	077163	
3231  	074590	
3231  	075594	
3231  	06023P	
3231  	070224	
3231  	07319P	
3260  	70636P	
3260  	733741	
3260  	732052	
3260  	732053	
3260  	736816	
3260  	736026	
3260  	733839	
3260  	734062	
3264  	735616	
3264  	733179	
3264  	70606P	
3289  	733838	
3289  	734499	
3289  	735452	
3293  	735267	
3293  	734506	
3293  	735924	
3293  	736739	
3299  	734306	
3323  	733738	
3324  	732880	
3324  	733368	
3324  	70470P	
3324  	734016	
3362  	734132	
3362  	733398	
3374  	733238	
3374  	733180	
3374  	732207	
3374  	733400	
3374  	733423	
3374  	733530	
3374  	70612P	
3374  	70916P	
3374  	731587	
3374  	734227	
3374  	734245	
3374  	735325	
3374  	736494	
3374  	736234	
3374  	735655	
3374  	735891	
3376  	074497	
3376  	073050	
3376  	070225	
3380  	07088P	
3380  	072628	
3406  	070732	
3406  	071140	
3406  	070971	
3406  	070646	
3406  	06181P	
3406  	076266	
3406  	078241	
3413  	076726	
3413  	076727	
3413  	075595	
3413  	05901P	
3413  	065170	
3413  	067305	
3413  	071141	
3428  	731865	
3428  	731866	
3443  	078611	
3443  	077785	
3443  	077981	
3443  	077488	
3443  	075596	
3443  	075450	
3443  	076142	
3443  	076416	
3443  	074498	
3443  	074591	
3443  	071142	
3443  	071143	
3443  	071054	
3443  	07027P	
3443  	070406	
3443  	07010P	
3443  	069265	
3443  	069266	
3443  	069267	
3443  	065171	
3443  	065456	
3443  	06210P	
3443  	05869P	
3443  	05853P	
3450  	06768P	
3450  	069910	
3450  	071144	
3450  	073928	
3450  	073629	
3450  	078242	
3450  	076609	
3455  	731864	
3481  	076728	
3481  	077683	
3481  	07423P	
3481  	075840	
3481  	070773	
3481  	070774	
3481  	068942	
3481  	069444	
3481  	069445	
3498  	731787	
3504  	070226	
3515  	075265	
3515  	075116	
3515  	075117	
3526  	732653	
3526  	734932	
3529  	735157	
3529  	734304	
3529  	734305	
3532  	076417	
3532  	076418	
3532  	076419	
3532  	076420	
3532  	071145	
3532  	071146	
3532  	072986	
3532  	072987	
3532  	072988	
3532  	066283	
3533  	069194	
3533  	069195	
3533  	073929	
3533  	073930	
3533  	078128	
3533  	078129	
3545  	076729	
3545  	070227	
3546  	734497	
3546  	735019	
3552  	734537	
3552  	735721	
3552  	735673	
3552  	733234	
3552  	70807P	
3552  	70521P	
3563  	733508	
3563  	736327	
3563  	734592	
3563  	734307	
3563  	735023	
3596  	076730	
3596  	074701	
3596  	075648	
3596  	070775	
3596  	071688	
3624  	735319	
3624  	735320	
3645  	075746	
3645  	075597	
3645  	075598	
3665  	075908	
3665  	076731	
3665  	078612	
3665  	070733	
3665  	070734	
3665  	065471	
3665  	065472	
3665  	06182P	
3673  	06951P	
3673  	068943	
3673  	074702	
3673  	074703	
3673  	073468	
3691  	734796	
3691  	734063	
3691  	735674	
3698  	069416	
3698  	06024P	
3706  	075909	
3708  	072674	
3708  	072675	
3711  	070059	
3711  	073515	
4105  	70713P	
4105  	736022	
4105  	736023	
4105  	734539	
4105  	734540	
4107  	734498	
4107  	735020	
4107  	736407	
4107  	736736	
4107  	733631	
4137  	078794	
4137  	073931	
4137  	074499	
4137  	070407	
4137  	069268	
4137  	069307	
4148  	070647	
4148  	070832	
4148  	072413	
4148  	075649	
4148  	076530	
4148  	076531	
4162  	735492	
4162  	733840	
4551  	075162	
4551  	076732	
4551  	070776	
4721  	1705CK	
4721  	1707PK	
4721  	1708CK	
4721  	70649P	
4721  	733973	
4721  	733974	
4721  	734000	
4721  	736027	
4721  	736028	
4721  	736029	
4736  	736817	
4739  	731563	
4739  	076041	
4739  	076042	
4739  	073519	
4739  	073520	
4739  	07233P	
4739  	071689	
4739  	071690	
4739  	071389	
4803  	733653	
4803  	735315	
4906  	071574	
4906  	072414	
4906  	068998	
4915  	069446	
4915  	071877	
4915  	071878	
4915  	072335	
4915  	072046	
4919  	071769	
4919  	076733	
4919  	077342	
4919  	077684	
4919  	076532	
4919  	074883	
4938  	073521	
4938  	070065	
4938  	05984P	
4943  	067908	
4943  	065652	
4943  	074219	
4943  	074220	
4943  	074221	
4943  	074387	
4943  	074884	
4947  	733529	
4947  	731987	
4947  	732051	
4947  	70579P	
4947  	735021	
4947  	735022	
4947  	736668	
4947  	736781	
4947  	735540	
4958  	078243	
4958  	078244	
4958  	078245	
4958  	06452P	
4958  	06453P	
4958  	072336	
4958  	072337	
4958  	072338	
4960  	072629	
4960  	074704	
4966  	731788	
4966  	731810	
4966  	733310	
4966  	733311	
4966  	736690	
4966  	735266	
4971  	733834	
4971  	733835	
4971  	733836	
4977  	073729	
4977  	070972	
4991  	733677	
4991  	733531	
4991  	735265	
5243  	075966	
5243  	070973	
5243  	069447	
5264  	073294	
5264  	073932	
5264  	078130	
5264  	076734	
5269  	075599	
5269  	069269	
5287  	735725	
5289  	736815	
5289  	735159	
5289  	733399	
5305  	077982	
5305  	073522	
5305  	072339	
5317  	734434	
5317  	735618	
5347  	736020	
5347  	736021	
5347  	736689	
5347  	733397	
5349  	733837	
5371  	735262	
5371  	735158	
5388  	074705	
5388  	072630	
5392  	733778	
5392  	733271	
5392  	735028	
5392  	735493	
5425  	735318	
5425  	734933	
5425  	735514	
5457  	735672	
5457  	735654	
5457  	7153CK	
5469  	070648	
5483  	70692P	
5483  	70776P	
5483  	732595	
5483  	732536	
5483  	735539	
5483  	735718	
5483  	735719	
5483  	735720	
5483  	736258	
5483  	736324	
5483  	736730	
5483  	736564	
5483  	736594	
5483  	736541	
5483  	735263	
5483  	734364	
5534  	075650	
5536  	733841	
5536  	735323	
5536  	735324	
5536  	735027	
5871  	076143	
5871  	073330	
5871  	069308	
6111  	735889	
6111  	735890	
6116  	069109	
6116  	069110	
6116  	075600	
6120  	076533	
6120  	070281	
6120  	071147	
6120  	071770	
6121  	733675	
6121  	735620	
6121  	734662	
6138  	734001	
6147  	734938	
6147  	735892	
6147  	736030	
6147  	733678	
6153  	077501	
6153  	077164	
6153  	076534	
6153  	076144	
6153  	072415	
6153  	072416	
6153  	072417	
6153  	068999	
6153  	069000	
6153  	06476P	
6153  	05786P	
6153  	05787P	
6173  	735806	
6173  	734061	
6173  	734661	
6175  	733972	
6175  	736325	
6175  	736780	
6175  	733528	
6175  	733178	
6182  	733507	
6182  	70777P	
6182  	736326	
6182  	735722	
6182  	735425	
6182  	735615	
6182  	734538	
6182  	735018	
6182  	735321	
6187  	735362	
6187  	734671	
6188  	733482	
6202  	074706	
6202  	071390	
6202  	071391	
6209  	069417	
6213  	074707	
6213  	074500	
6213  	073630	
6220  	733739	
6220  	733740	
6220  	734433	
6230  	071148	
6230  	071149	
6238  	735619	
6239  	071055	
6239  	070349	
6239  	076953	
6257  	075601	
6257  	069638	
6257  	068944	
6261  	733558	
6261  	733559	
6269  	078433	
6269  	078504	
6269  	074885	
6269  	074886	
6269  	05985P	
6269  	070066	
6269  	070067	
6274  	731746	
6274  	736389	
6274  	736623	
6274  	734012	
6274  	734881	
6278  	071392	
6278  	071393	
6279  	736168	
6285  	075910	
6290  	734557	
6290  	734934	
6290  	735322	
6411  	735024	
6411  	734541	
6414  	074501	
6414  	074708	
6414  	076735	
6414  	05841P	
6414  	065172	
6414  	069270	
6414  	069271	
6414  	069196	
6435  	734591	
6435  	735424	
6438  	734766	
6451  	06395P	
6451  	072047	
6451  	071150	
6451  	071151	
6451  	077489	
6451  	075841	
6451  	075842	
6451  	075843	
6452  	074887	
6452  	074888	
6452  	074889	
6452  	069197	
6452  	069272	
6456  	06682P	
6456  	06770P	
6456  	069001	
6456  	06003P	
6456  	071152	
6456  	070974	
6456  	070911	
6456  	070557	
6456  	07251P	
6456  	07252P	
6456  	07253P	
6456  	073232	
6456  	073845	
6456  	076610	
6456  	076611	
6456  	076612	
6456  	076613	
6456  	076614	
6462  	70537P	
6462  	70541P	
6462  	733599	
6462  	733235	
6462  	733236	
6462  	733237	
6462  	734935	
6462  	734936	
6488  	734500	
6488  	734501	
6488  	734502	
6488  	734503	
6488  	734504	
6488  	734505	
6488  	735920	
6488  	735921	
6488  	735922	
6488  	735923	
6488  	733366	
6488  	733367	
6488  	70557P	
6488  	70831P	
6488  	70832P	
6488  	70833P	
6488  	70708P	
6488  	70709P	
6488  	70710P	
6488  	70711P	
6509  	734064	
6509  	734065	
6510  	734014	
6510  	734937	
6510  	735771	
6510  	733617	
6525  	071394	
6525  	071395	
6525  	071575	
8016  	071153	
8016  	077867	
8016  	075967	
8039  	070912	
8039  	070833	
8039  	070649	
8042  	733560	
8042  	736233	
8042  	736542	
8044  	736259	
8044  	735326	
8044  	734015	
8044  	734463	
8044  	734663	
8044  	733676	
8069  	733269	
8069  	733233	
8069  	70686P	
8069  	70527P	
8069  	734330	
8069  	734331	
8069  	736231	
8069  	736232	
8076  	735613	
8076  	735614	
8091  	734462	
8091  	735025	
8091  	735026	
8105  	076736	
8105  	076737	
8105  	070735	
8112  	075911	
8112  	075912	
8150  	073972	
8150  	068945	
8155  	736010	
8155  	736011	
8155  	736012	
8163  	071154	
8163  	071155	
8299  	70694P	
8299  	70695P	
8299  	733600	
8299  	735919	
8299  	735209	
8299  	735284	
8299  	734367	
8299  	734368	
8341  	070777	
8349  	733883	
8349  	735453	
8349  	734697	
8358  	734459	
8358  	734460	
8358  	734461	
8358  	735805	
8383  	734394	
8383  	733796	
8404  	072340	
8406  	733776	
8406  	733897	
8406  	735723	
8406  	736024	
8406  	736025	
8406  	736737	
8436  	736018	
8436  	736019	
8436  	733864	
8436  	733882	
8436  	735491	
8436  	735513	
8436  	735316	
8436  	735317	
8436  	733506	
8436  	70641P	
8489  	735116	
8489  	735117	
8924  	735361	
8924  	735888	
9938  	069198	
9939  	070480	
