0050  	
0061  	
006205	
006206	
006207	
00632R	
00633L	
00634R	
00636 	
00637L	
00639 	
00643 	
00655L	
00659R	
00672L	
00673R	
1000  	
1101  	
1215  	
1216  	
1262  	
1301  	
1303  	
1305  	
1310  	
1312  	
1314  	
1319  	
1326  	
1338  	
1444  	
1476  	
1477  	
1515  	
1536  	
1560  	
1565  	
1586  	
1589  	
1590  	
1597  	
1605  	
1608  	
1609  	
1704  	
1707  	
1710  	
1718  	
1723  	
1802  	
1815  	
1909  	
2002  	
2023  	
2027  	
2031  	
2049  	
2104  	
2228  	
2231  	
2233  	
2239  	
2301  	
2303  	
2308  	
2313  	
2317  	
2324  	
2327  	
2328  	
2330  	
2337  	
2340  	
2344  	
2345  	
2351  	
2352  	
2353  	
2354  	
2355  	
2356  	
2360  	
2367  	
2371  	
2376  	
2377  	
2379  	
2382  	
2383  	
2401  	
2408  	
2409  	
2421  	
2428  	
2439  	
2448  	
2449  	
2451  	
2454  	
2455  	
2456  	
2458  	
2464  	
2472  	
2474  	
2478  	
2481  	
2492  	
2498  	
2515  	
2520  	
2534  	
2603  	
2610  	
2618  	
2881  	
2882  	
2884  	
2885  	
2886  	
2887  	
2888  	
2890  	
2891  	
2915  	
2929  	
3005  	
3006  	
3008  	
3016  	
3017  	
3019  	
3023  	
3026  	
3030  	
3034  	
3035  	
3037  	
3059  	
3081  	
3105  	
3152  	
3163  	
3189  	
3227  	
3231  	
3260  	
3264  	
3289  	
3293  	
3299  	
3323  	
3324  	
3362  	
3374  	
3376  	
3380  	
3406  	
3413  	
3428  	
3443  	
3450  	
3455  	
3481  	
3498  	
3504  	
3515  	
3526  	
3529  	
3532  	
3533  	
3545  	
3546  	
3552  	
3563  	
3596  	
3624  	
3645  	
3665  	
3673  	
3691  	
3698  	
3706  	
3708  	
3711  	
4105  	
4107  	
4137  	
4148  	
4162  	
4551  	
4721  	
4736  	
4739  	
4803  	
4906  	
4915  	
4919  	
4938  	
4943  	
4947  	
4958  	
4960  	
4966  	
4971  	
4977  	
4991  	
5243  	
5264  	
5269  	
5287  	
5289  	
5305  	
5317  	
5347  	
5349  	
5371  	
5388  	
5392  	
5425  	
5457  	
5469  	
5483  	
5534  	
5536  	
5871  	
6111  	
6116  	
6120  	
6121  	
6138  	
6147  	
6153  	
6173  	
6175  	
6182  	
6187  	
6188  	
6202  	
6209  	
6213  	
6220  	
6230  	
6238  	
6239  	
6257  	
6261  	
6269  	
6274  	
6278  	
6279  	
6285  	
6290  	
6411  	
6414  	
6435  	
6438  	
6451  	
6452  	
6456  	
6462  	
6488  	
6509  	
6510  	
6525  	
8016  	
8039  	
8042  	
8044  	
8069  	
8076  	
8091  	
8105  	
8112  	
8150  	
8155  	
8163  	
8299  	
8341  	
8349  	
8358  	
8383  	
8404  	
8406  	
8436  	
8489  	
8924  	
9938  	
9939  	
