0050	06205P	06700P	06766P	06750P	06871P	074171	075741	
0061	073912	074576	
006205	074577	073913	
006206	073914	074578	
006207	073915	
00632R	074172	074173	074174	074175	076522	076523	076524	069093	069094	069095	069096	069097	069098	061913	061914	061915	
00633L	05839P	069099	069100	069438	069592	071049	07248P	076525	076368	075903	074797	074872	074579	076944	076198	077498	078428	
00634R	069101	04849P	065160	
00636	074580	073916	
00637L	074176	074581	074218	074064	074873	074798	076369	076526	076527	076409	076410	076199	078336	076263	07658P	07659P	06289P	069404	069405	06926P	07249P	071257	071258	071259	071260	071261	071262	071263	070725	
00639	073917	
00643	073918	074582	
00655L	076411	076528	076137	074957	075352	075578	078429	076200	07277P	069593	
00659R	063569	
00672L	06767P	
00673R	077042	
1000	077490	077491	075747	075748	074222	07374P	07375P	07376P	07377P	073846	073847	06751P	06814P	068946	068947	068948	068949	06477P	06478P	06479P	06480P	03352B	05759P	05760P	05761P	05762P	05763P	06143P	06144P	06145P	06146P	06147P	072418	072419	072420	070650	070651	070652	070653	07028P	07029P	07030P	07031P	
1101	071942	078125	
1215	074685	074874	072738	
1216	072739	075579	
1262	074875	073620	070829	070815	069261	
1301	072672	073919	
1303	074583	074584	
1305	076412	070830	071131	
1310	071132	071133	077499	
1312	078234	078235	073452	073453	069180	069181	06666P	
1314	06193P	069860	069406	07009P	072406	071570	073621	073844	074686	074958	
1319	072984	
1326	076945	076946	
1338	070772	
1444	074687	074688	
1476	074585	074377	075109	076947	069407	05868P	
1477	077973	
1515	074484	074485	
1536	075833	078274	06095P	070554	072479	
1560	077974	073513	
1565	70643P	733304	733305	733898	734797	735264	735285	736408	
1586	735207	
1589	076601	076707	075904	072112	
1590	074876	077157	077677	
1597	733509	733674	735208	735617	735916	735917	
1605	077158	076708	070122	069861	
1608	071377	
1609	072043	076709	
1704	071378	
1707	069523	077159	077160	078600	075263	073920	
1710	074486	077481	068934	
1718	072328	074689	
1723	076948	076949	
1802	071379	
1815	733777	733270	735426	734882	733933	734308	734366	
1909	074586	070280	06033P	
2002	076370	
2023	071134	
2027	071380	071868	074877	074959	077678	077679	077861	
2031	077680	077681	077682	076602	076603	073921	073922	
2049	073923	074587	074690	076710	076711	076712	078337	078236	07266P	07267P	070476	06067P	
2104	071943	071944	076713	
2228	070399	
2231	070726	072985	077482	077483	077484	074691	074692	07373P	
2233	733630	735653	
2239	070220	
2301	069862	078338	074693	
2303	075742	075743	069182	069183	05821P	06339P	07026P	071767	071768	
2308	072673	07500P	075580	073514	078059	078706	
2313	076714	073727	074487	070060	068685	
2317	068935	068936	068937	068938	068939	06447P	06448P	06449P	06450P	05756P	05757P	05758P	05956P	05957P	069907	069908	07001P	07002P	07003P	072329	072330	072331	072332	072333	073970	073971	075581	075582	075583	075584	07485P	07486P	077975	077976	077977	077978	
2324	070221	
2327	06970P	072740	072741	072893	07136P	06539P	06667P	069184	077585	077586	076715	076716	076717	076718	078707	078708	078709	078710	078601	076138	07616P	07617P	074065	
2328	069633	
2330	06852P	06853P	06562P	06137P	06138P	06139P	06140P	06141P	072894	072895	070638	070639	070640	070641	070642	07084P	074488	074489	07463P	07464P	07465P	078602	078603	076604	077862	077863	077864	077784	
2337	076719	076720	077336	077337	077338	075585	075586	074378	070910	070968	070400	069739	069740	070222	070223	07268P	07269P	065208	065209	06243P	06234P	069863	069864	069865	069439	069440	069441	
2340	069594	074878	
2344	074177	073728	073924	078275	065069	065165	
2345	06356P	06900P	069102	071869	069741	078060	077979	077339	077340	074379	07448P	074490	074879	076413	
2351	074880	074881	
2352	075587	069866	
2353	069408	069103	06235P	06581P	06022P	05848P	070831	072896	07618P	073516	076721	076722	078604	078605	
2354	075588	05951P	
2355	075905	
2356	075906	072897	
2360	069867	069303	074380	074588	
2367	07400P	076950	077485	
2371	075744	076371	076414	069185	069186	069187	05822P	06357P	072480	072481	071870	071871	
2376	071381	071382	072256	072257	073290	06439P	06451P	06901P	074799	074694	
2377	074695	074381	075446	075834	06902P	069304	06358P	06637P	065377	065378	071872	071873	
2379	06668P	073454	073455	073456	078237	078238	
2382	075907	069104	
2383	05980P	070061	073457	073458	073622	073623	078239	078240	
2401	073459	070062	05981P	06669P	
2408	069105	07085P	071050	071135	073624	074491	075835	078276	077865	
2409	076723	075836	07422P	072407	072408	069188	069189	069190	05823P	05824P	
2421	073460	073461	
2428	076372	076724	076725	
2439	07552P	075447	075448	074800	073925	06034P	05958P	071051	070727	070555	069909	
2448	069742	070401	070402	070347	070348	07086P	07087P	069409	069410	069017	066799	075837	075838	075839	077500	078791	
2449	078126	074696	074697	072482	
2451	071383	
2454	072113	072044	07304P	07305P	07306P	07307P	06701P	067024	06702P	06703P	06704P	069868	069869	065452	073625	073626	073627	077043	077044	077045	077046	
2455	078606	078430	075110	075111	075112	065865	06440P	069191	072258	
2456	07158P	069106	05899P	05849P	073926	078607	078711	076264	076265	
2458	075113	05850P	069870	070969	
2464	071052	071571	072627	
2472	071572	
2474	072045	072114	07308P	07309P	07310P	070123	05162P	05187P	066141	06670P	06671P	06672P	066421	073462	073463	073464	073465	073466	077047	077048	077049	077050	077051	
2478	072115	
2481	072483	071136	06500P	069871	078792	075353	
2492	075449	074801	07466P	07487P	076373	076374	07401P	074589	074382	078608	078609	078339	078340	07619P	077587	077588	069634	069192	06903P	06359P	06194P	066144	05900P	071137	071138	069743	07146P	073291	072334	
2498	066489	066661	065040	068940	068941	074492	076139	076140	
2515	074383	067165	
2520	073467	
2534	074384	076951	072409	
2603	071685	071686	071874	070403	06325P	06206P	06360P	074385	074960	
2610	078501	071384	071385	
2618	071573	070816	04904P	078502	
2881	075589	05851P	06361P	069107	069305	070404	071875	
2882	071876	070405	069306	06362P	05852P	075590	
2884	076375	069635	071945	
2885	069411	065453	076376	078503	
2886	069636	071946	
2887	071947	065454	
2888	065469	065470	069262	069263	06904P	071948	07004P	076377	074882	074493	
2890	076378	071949	
2891	071950	069412	076379	
2915	075264	077161	069264	05840P	
2929	069413	069414	
3005	069108	071687	075591	
3006	075592	078793	070970	
3008	070728	070729	070730	070731	070477	070478	070479	070643	070644	071951	072116	072117	072118	072119	073292	06886P	06887P	06854P	06855P	04026P	04027P	04028P	04029P	04030P	04031P	06142P	06180P	062187	062188	062189	062190	062191	062192	062193	062194	06382P	06403P	06404P	075114	075115	074494	074495	074496	074698	074699	074700	
3016	071386	071387	
3017	070556	06001P	069415	069637	075647	
3019	076141	076415	07501P	073329	077341	077486	06631P	06002P	06096P	071053	070124	070125	070126	070127	073293	
3023	069442	069443	075593	
3026	076605	076606	076607	076608	069872	069873	06290P	06474P	07250P	071388	070645	071264	
3030	077980	
3034	076952	069193	
3035	06475P	069989	072410	072411	072412	078127	077487	078610	
3037	077866	078277	076040	073517	073518	070063	05982P	06681P	
3059	069990	069991	073628	074386	076529	
3081	70542P	70543P	733306	733307	733308	736669	736783	735029	735030	735031	
3105	735032	735071	735072	734369	734395	734464	734465	734017	733842	735675	735676	735677	733309	732540	733797	733798	70592P	70624P	70704P	70762P	70818P	70904P	
3152	735726	
3163	734059	734060	
3189	078431	078432	075745	073927	070064	071139	05983P	06291P	
3227	70830P	70693P	734013	734365	734558	734833	735724	735918	736782	736738	
3231	077162	077163	074590	075594	06023P	070224	07319P	
3260	70636P	733741	732052	732053	736816	736026	733839	734062	
3264	735616	733179	70606P	
3289	733838	734499	735452	
3293	735267	734506	735924	736739	
3299	734306	
3323	733738	
3324	732880	733368	70470P	734016	
3362	734132	733398	
3374	733238	733180	732207	733400	733423	733530	70612P	70916P	731587	734227	734245	735325	736494	736234	735655	735891	
3376	074497	073050	070225	
3380	07088P	072628	
3406	070732	071140	070971	070646	06181P	076266	078241	
3413	076726	076727	075595	05901P	065170	067305	071141	
3428	731865	731866	
3443	078611	077785	077981	077488	075596	075450	076142	076416	074498	074591	071142	071143	071054	07027P	070406	07010P	069265	069266	069267	065171	065456	06210P	05869P	05853P	
3450	06768P	069910	071144	073928	073629	078242	076609	
3455	731864	
3481	076728	077683	07423P	075840	070773	070774	068942	069444	069445	
3498	731787	
3504	070226	
3515	075265	075116	075117	
3526	732653	734932	
3529	735157	734304	734305	
3532	076417	076418	076419	076420	071145	071146	072986	072987	072988	066283	
3533	069194	069195	073929	073930	078128	078129	
3545	076729	070227	
3546	734497	735019	
3552	734537	735721	735673	733234	70807P	70521P	
3563	733508	736327	734592	734307	735023	
3596	076730	074701	075648	070775	071688	
3624	735319	735320	
3645	075746	075597	075598	
3665	075908	076731	078612	070733	070734	065471	065472	06182P	
3673	06951P	068943	074702	074703	073468	
3691	734796	734063	735674	
3698	069416	06024P	
3706	075909	
3708	072674	072675	
3711	070059	073515	
4105	70713P	736022	736023	734539	734540	
4107	734498	735020	736407	736736	733631	
4137	078794	073931	074499	070407	069268	069307	
4148	070647	070832	072413	075649	076530	076531	
4162	735492	733840	
4551	075162	076732	070776	
4721	1705CK	1707PK	1708CK	70649P	733973	733974	734000	736027	736028	736029	
4736	736817	
4739	731563	076041	076042	073519	073520	07233P	071689	071690	071389	
4803	733653	735315	
4906	071574	072414	068998	
4915	069446	071877	071878	072335	072046	
4919	071769	076733	077342	077684	076532	074883	
4938	073521	070065	05984P	
4943	067908	065652	074219	074220	074221	074387	074884	
4947	733529	731987	732051	70579P	735021	735022	736668	736781	735540	
4958	078243	078244	078245	06452P	06453P	072336	072337	072338	
4960	072629	074704	
4966	731788	731810	733310	733311	736690	735266	
4971	733834	733835	733836	
4977	073729	070972	
4991	733677	733531	735265	
5243	075966	070973	069447	
5264	073294	073932	078130	076734	
5269	075599	069269	
5287	735725	
5289	736815	735159	733399	
5305	077982	073522	072339	
5317	734434	735618	
5347	736020	736021	736689	733397	
5349	733837	
5371	735262	735158	
5388	074705	072630	
5392	733778	733271	735028	735493	
5425	735318	734933	735514	
5457	735672	735654	7153CK	
5469	070648	
5483	70692P	70776P	732595	732536	735539	735718	735719	735720	736258	736324	736730	736564	736594	736541	735263	734364	
5534	075650	
5536	733841	735323	735324	735027	
5871	076143	073330	069308	
6111	735889	735890	
6116	069109	069110	075600	
6120	076533	070281	071147	071770	
6121	733675	735620	734662	
6138	734001	
6147	734938	735892	736030	733678	
6153	077501	077164	076534	076144	072415	072416	072417	068999	069000	06476P	05786P	05787P	
6173	735806	734061	734661	
6175	733972	736325	736780	733528	733178	
6182	733507	70777P	736326	735722	735425	735615	734538	735018	735321	
6187	735362	734671	
6188	733482	
6202	074706	071390	071391	
6209	069417	
6213	074707	074500	073630	
6220	733739	733740	734433	
6230	071148	071149	
6238	735619	
6239	071055	070349	076953	
6257	075601	069638	068944	
6261	733558	733559	
6269	078433	078504	074885	074886	05985P	070066	070067	
6274	731746	736389	736623	734012	734881	
6278	071392	071393	
6279	736168	
6285	075910	
6290	734557	734934	735322	
6411	735024	734541	
6414	074501	074708	076735	05841P	065172	069270	069271	069196	
6435	734591	735424	
6438	734766	
6451	06395P	072047	071150	071151	077489	075841	075842	075843	
6452	074887	074888	074889	069197	069272	
6456	06682P	06770P	069001	06003P	071152	070974	070911	070557	07251P	07252P	07253P	073232	073845	076610	076611	076612	076613	076614	
6462	70537P	70541P	733599	733235	733236	733237	734935	734936	
6488	734500	734501	734502	734503	734504	734505	735920	735921	735922	735923	733366	733367	70557P	70831P	70832P	70833P	70708P	70709P	70710P	70711P	
6509	734064	734065	
6510	734014	734937	735771	733617	
6525	071394	071395	071575	
8016	071153	077867	075967	
8039	070912	070833	070649	
8042	733560	736233	736542	
8044	736259	735326	734015	734463	734663	733676	
8069	733269	733233	70686P	70527P	734330	734331	736231	736232	
8076	735613	735614	
8091	734462	735025	735026	
8105	076736	076737	070735	
8112	075911	075912	
8150	073972	068945	
8155	736010	736011	736012	
8163	071154	071155	
8299	70694P	70695P	733600	735919	735209	735284	734367	734368	
8341	070777	
8349	733883	735453	734697	
8358	734459	734460	734461	735805	
8383	734394	733796	
8404	072340	
8406	733776	733897	735723	736024	736025	736737	
8436	736018	736019	733864	733882	735491	735513	735316	735317	733506	70641P	
8489	735116	735117	
8924	735361	735888	
9938	069198	
9939	070480	
